1   1851.203
2   1851.632
3   1851.969
4   1851.975
5   1852.314
6   1852.347
7   1852.358
8   1852.385
9   1852.977
10  1853.196
11  1853.229
12  1853.319
13  1853.500
14  1854.135
15  1856.396
16  1856.506
17  1856.539
18  1856.618
19  1857.138
20  1857.404
21  1857.582
22  1858.091
23  1858.154
24  1858.406
25  1858.945
26  1860.125
27  1860.169
28  1860.591
29  1860.851
30  1860.919
31  1860.971
32  1861.185
33  1861.738
34  1861.836
35  1862.138
36  1862.893
37  1862.937
38  1863.178
39  1863.794
40  1863.939
41  1863.986
42  1865.459
43  1865.971
44  1866.064
45  1866.340
46  1866.452
47  1866.833
48  1866.948
49  1866.951
50  1867.635
51  1867.854
52  1867.862
53  1868.749
54  1868.903
55  1868.988
56  1869.251
57  1869.442
58  1869.554
59  1869.809
60  1869.875
61  1870.124
62  1870.515
63  1870.559
64  1870.633
65  1871.027
66  1871.151
67  1871.167
68  1871.736
69  1871.816
70  1872.123
71  1872.240
72  1872.769
73  1873.136
74  1874.285
75  1874.546
76  1874.888
77  1874.981
78  1875.329
79  1875.925
80  1875.931
81  1875.931
82  1876.966
83  1877.064
84  1877.105
85  1877.190
86  1877.779
87  1877.809
88  1878.184
89  1878.195
90  1878.236
91  1878.433
92  1878.696
93  1879.036
94  1879.172
95  1879.501
96  1880.057
97  1880.539
98  1880.689
99  1880.944
100 1881.105
101 1881.968
102 1882.129
103 1882.296
104 1882.299
105 1882.335
106 1882.852
107 1883.797
108 1883.851
109 1884.073
110 1884.856
111 1885.168
112 1885.464
113 1885.979
114 1886.617
115 1886.693
116 1886.754
117 1886.921
118 1887.134
119 1887.405
120 1888.298
121 1889.051
122 1889.198
123 1889.793
124 1890.102
125 1890.190
126 1891.252
127 1891.665
128 1892.654
129 1893.508
130 1894.477
131 1895.318
132 1896.070
133 1896.284
134 1896.331
135 1899.630
136 1901.393
137 1902.671
138 1905.056
139 1905.188
140 1905.524
141 1906.773
142 1908.136
143 1908.270
144 1908.629
145 1909.127
146 1909.825
147 1910.357
148 1910.970
149 1912.520
150 1913.784
151 1914.409
152 1916.615
153 1918.031
154 1922.529
155 1922.677
156 1923.569
157 1927.162
158 1928.114
159 1930.154
160 1930.748
161 1931.077
162 1931.830
163 1931.884
164 1932.065
165 1932.864
166 1932.875
167 1933.883
168 1934.723
169 1935.643
170 1935.695
171 1936.596
172 1937.500
173 1938.354
174 1939.821
175 1940.218
176 1940.424
177 1941.420
178 1941.522
179 1941.574
180 1942.001
181 1942.129
182 1942.483
183 1946.945
184 1947.025
185 1947.619
186 1947.638
187 1947.687
188 1951.405
189 1957.883
190 1960.489
191 1962.220